min:4.680000305175781*x[0]+
4.680000305175781*x[1]+4.680000305175781*x[2]+4.680000305175781*x[3]+
4.680000305175781*x[4]+4.680000305175781*x[5]+4.680000305175781*x[6]+
4.680000305175781*x[7]+4.680000305175781*x[8]+5.616000175476074*x[9]+
13.104000091552734*x[10]+13.104000091552734*x[11]+10.920000076293945*x[12]+
10.920000076293945*x[13]+10.920000076293945*x[14]+10.920000076293945*x[15]+
10.920000076293945*x[16]+10.920000076293945*x[17]+10.920000076293945*x[18]+
10.920000076293945*x[19]+10.920000076293945*x[20]+10.920000076293945*x[21]+
10.920000076293945*x[22]+4.680000305175781*x[23]
st:4.5*x[0]+
4.5*x[1]+4.5*x[2]+4.5*x[3]+
4.5*x[4]+4.5*x[5]+4.5*x[6]+
4.5*x[7]+4.5*x[8]+5.399999618530273*x[9]+
5.399999618530273*x[10]+5.399999618530273*x[11]+4.5*x[12]+
4.5*x[13]+4.5*x[14]+4.5*x[15]+
4.5*x[16]+4.5*x[17]+4.5*x[18]+
4.5*x[19]+4.5*x[20]+4.5*x[21]+
4.5*x[22]+4.5*x[23]=166.05
solution:
x[0]=1.0000000000121003
x[1]=1.0
x[2]=1.0000000000026632
x[3]=1.0
x[4]=1.0
x[5]=1.0
x[6]=1.0
x[7]=1.0
x[8]=1.0000000000001865
x[9]=1.0000000000001188
x[10]=1.0
x[11]=1.0000000000004372
x[12]=1.0000000000000129
x[13]=1.0
x[14]=1.00000000000002
x[15]=1.0000000000016807
x[16]=1.0000000000005496
x[17]=1.0
x[18]=1.0
x[19]=1.0
x[20]=1.0
x[21]=1.0
x[22]=1.0
x[23]=1.0
Obj_value:198.74400424976272
